<?xml version="1.0"?>
<opencv_storage>
<classifications type_id="opencv-matrix">
  <rows>151</rows>
  <cols>1</cols>
  <dt>i</dt>
  <data>
    55 53 52 48 57 56 54 51 50 90 84 82 80 89 88 87 86 85 83 81 79 78 77
    76 71 70 69 68 67 66 65 75 74 72 49 49 55 53 52 51 49 48 57 56 54 50
    49 90 89 88 87 86 85 84 83 82 81 80 79 78 73 49 77 76 74 73 72 71 70
    69 68 67 66 65 75 49 48 56 55 53 52 51 50 49 57 54 49 90 88 87 86 85
    84 80 78 89 83 82 81 79 49 77 76 75 74 73 72 70 69 68 66 65 71 67 73
    55 53 52 51 49 48 56 54 50 57 90 89 88 87 86 85 84 82 80 78 83 81 79
    77 76 75 74 73 72 70 69 68 66 65 71 67</data></classifications>
</opencv_storage>
